.Random.seed <-
c(403L, 588L, -1759629963L, -1869046764L, 1924250231L, 1826911872L, 
-1680523509L, 452137174L, 313754327L, -57989216L, 151948750L, 
1473122982L, 269215048L, 1951020203L, 967365968L, -490197221L, 
-6901263L, -1642089201L, -1604889314L, 136045193L, 527987806L, 
-1937930372L, 1450010532L, 466311779L, -381756430L, -1906638024L, 
-1727949469L, 630850948L, 1409832125L, -1348974578L, -757722569L, 
-69416676L, -984202349L, -1076016476L, 2051100419L, 188282080L, 
308514011L, -1112429214L, -423363076L, -744229296L, 1365041350L, 
-1739812080L, -1338815198L, -995414154L, 1092060547L, -124726746L, 
1706688499L, -258312510L, -1183690557L, 39852286L, -1246500905L, 
456022439L, 1538344028L, 810535377L, -1740059092L, 522016087L, 
1224768387L, 1351286918L, 1533264179L, -268581548L, 1016860488L, 
-251329130L, 1392017632L, 1779950865L, -1204195744L, -766326040L, 
-2022458255L, -1846128941L, -612272965L, 404844434L, -1044901478L, 
-1081277781L, -400466630L, 967373723L, -1354836983L, -1467431119L, 
-2021156657L, 1946439333L, -28505415L, -1089972782L, 1213623985L, 
-1924175349L, -1279338763L, 625779510L, 1091740903L, -453858532L, 
1706499231L, 151117421L, -778784505L, 86763134L, -1276090586L, 
3969781L, -1739249166L, -2108662957L, -503797235L, -616399049L, 
1821295598L, 619843681L, 1096229440L, 456677348L, 2035568818L, 
-632171677L, 1458886550L, -1682299256L, -1986321275L, 105482211L, 
1160488369L, -2140827714L, -1270798333L, -1324217654L, -353969473L, 
-145531979L, -1257082461L, -412973733L, 874566479L, 1249370661L, 
2027934594L, 985352768L, 745544356L, 1095469857L, 246379878L, 
1752535509L, -294721848L, 416312544L, 1782806088L, 604769050L, 
-413885851L, 1106030647L, 1700118157L, 29874475L, 1558692785L, 
818511774L, 842864014L, -943301422L, -884375941L, -708610194L, 
766232279L, -514070984L, 217401938L, -1524213185L, 1019438291L, 
542220617L, -785781321L, -1472325861L, -1795374700L, 37929279L, 
-249088192L, -1991736053L, -1713059741L, 11154457L, 1162756455L, 
-1398978607L, 1594155052L, 397897846L, -1697316157L, 1966898550L, 
-1340617083L, 2035881390L, -798498336L, 1165710889L, 1282236098L, 
1936082842L, -520630113L, -435032242L, -730329063L, -432072521L, 
1124639275L, -834372563L, -328063160L, 1871043951L, -683475778L, 
1299184515L, 1037562358L, -1802427206L, 2101479849L, -651621471L, 
973956957L, -1793222091L, -1569809532L, -662229993L, 1419434867L, 
-1210761724L, 104567913L, -1112682047L, 1931439822L, -1789065148L, 
177016394L, -1168259525L, 1019887552L, -1300577448L, 589211237L, 
785463396L, -282782716L, -494135060L, -351396054L, -1384964038L, 
-1724521478L, -107072573L, 1641345275L, -814782579L, 1955627140L, 
-1871940376L, 1849900052L, 1687187980L, 2000437269L, -1941145019L, 
647985599L, -494103065L, 184971561L, -829911459L, 462497976L, 
1435336334L, 807301495L, -49308961L, 1975685288L, -1532249929L, 
-1106190692L, -1877330774L, 180787063L, 1924571455L, -702697436L, 
-432068043L, 283382647L, 1603725917L, 1477972038L, -841027021L, 
-933142337L, -1119312909L, -1033249500L, 1971057608L, -141446002L, 
1282599112L, -1549526947L, 671222879L, 737955545L, 869241578L, 
-1227596032L, -569324941L, 145521810L, -281827928L, -873793429L, 
1959004605L, -87507999L, 240871764L, 461366070L, 1553835324L, 
-1003840161L, -434736966L, -975222148L, -670942676L, -344173427L, 
1037427820L, -136069642L, -233740317L, 1214663638L, -482593204L, 
1784403230L, -1547286295L, -386658642L, 1610844853L, -641009879L, 
1226133991L, -349256588L, -938917050L, 683546931L, 150866751L, 
-1738771740L, 86939730L, -1624521423L, 1690202096L, 473704111L, 
672855655L, 2088554303L, -93045077L, 2053232064L, 743352692L, 
818439830L, 2092253176L, -190744558L, 1723821051L, -227758431L, 
1223552014L, -162412987L, 273675101L, -391662498L, 1987752039L, 
1231406546L, 1887694898L, -1646582736L, 1668016908L, -404422416L, 
-1866453172L, -816876222L, -495856747L, 2026942686L, 872416095L, 
-342016368L, -496662738L, -394480106L, -622079157L, -1818813718L, 
1408533745L, -451316754L, -1493910993L, -419242027L, -1672047458L, 
-1197850196L, 30067383L, -1618387445L, 740289435L, 1448409661L, 
-362304961L, -1249266253L, -1686221284L, 1120859380L, -1601230623L, 
-623996763L, -350837636L, 1398823141L, -1701553429L, 1479590806L, 
143006599L, 1916447342L, 1006605839L, 712864570L, -1249154449L, 
-1061400670L, -1259246743L, -1387000773L, 1182343663L, -1948794181L, 
-467329413L, -542767707L, -2142417685L, -896896438L, -2088372784L, 
253054233L, -789211726L, 429230481L, 911979884L, -2031114720L, 
209388154L, -771000539L, -1855023336L, -1205063867L, -261127368L, 
-2068234166L, -1366203885L, 1556321314L, -215637298L, -812965911L, 
-401372021L, -1798081891L, 1781029484L, 656674558L, -1970435506L, 
620868487L, 1851301432L, -2022177274L, -1249508415L, 1937920748L, 
-1008938230L, 39368100L, -1654899209L, 1205694969L, -101629089L, 
1639541805L, -679018517L, -1983780248L, 1019734017L, 77355108L, 
1158846408L, 573938175L, -317701868L, 1518631721L, 51861277L, 
1062601526L, -1586453842L, 596065692L, -1309705295L, -91021926L, 
-591808509L, 1826681332L, -1330920614L, -1834441447L, 1332240340L, 
301707678L, -1009179354L, 2097766379L, 791476512L, 24190546L, 
2057916792L, -1315654959L, 134301541L, -1578690544L, -679575743L, 
1331947644L, -1028161105L, 70687400L, 474694932L, 1722849993L, 
1489174563L, 261379473L, -1696019884L, -1970010781L, 136034070L, 
-825458601L, -1997525823L, -1007959163L, 1439065289L, -1490183593L, 
1556431851L, -1408292283L, -207394634L, 1471377661L, -1668602905L, 
1217554373L, 2115794829L, -1454737668L, -297474468L, -1008769544L, 
-1880512397L, -537878059L, 911233866L, 681874705L, 298479729L, 
916696596L, 2117609880L, 1614832484L, -944455924L, -985644277L, 
1260803051L, -1838474237L, -1185430617L, -1648900539L, -1755474387L, 
-1607567703L, -1935150108L, 1959086950L, 1697614163L, -1290564300L, 
-2013725941L, 554367545L, -2093592415L, -2089423357L, 199394407L, 
-1513815107L, -1949384149L, 740688713L, 772883478L, -824026990L, 
128643621L, -1703030109L, -200333789L, -290101367L, 807268240L, 
1154056724L, -590848048L, 1763760642L, -2079431161L, 272702653L, 
-587282672L, -377798457L, -1934881028L, -124520950L, 1065598926L, 
1732530461L, -1696490726L, 2081193954L, -1625822281L, -39578702L, 
375167513L, 1954837054L, 1040667587L, -505948172L, -1276099078L, 
-639764879L, -164321362L, 393582465L, 1199087152L, 648223876L, 
464736351L, 1616007920L, -42626644L, 352046830L, 1974684935L, 
288028877L, 327488097L, -1094485730L, -1559089127L, 1488834991L, 
-221695205L, -915815334L, -1145500789L, 1530092819L, -427244725L, 
-1337758146L, 575796313L, 1907598769L, -1283247148L, -297748386L, 
-2081217313L, -2061907054L, 943179131L, 512857976L, 1723830983L, 
-684157245L, 33594484L, -1022118437L, -402918781L, -116719531L, 
1873264479L, 1923982430L, 745301244L, 201071084L, -65859246L, 
238800996L, 633837328L, -1337544598L, -1218705431L, 2127883997L, 
65654400L, 1728651952L, 1251807659L, 925107477L, -174699840L, 
282085812L, -857557036L, 206914880L, -1838654430L, -1205395595L, 
-1700576547L, 2007559988L, -1238019354L, 413653042L, 478119576L, 
1117663062L, -1056342103L, -964911393L, -650515598L, 297154654L, 
165649214L, -974778568L, 299141064L, -2125357848L, 1025726561L, 
181669447L, 2140537853L, -505131124L, 312775487L, -480174532L, 
957876933L, 1042201716L, -1861350621L, -1304413212L, -1543740802L, 
-1393442548L, -2105960443L, 329381246L, -748660505L, 2029282821L, 
12725226L, 336211239L, -1769960032L, -224709955L, 2048639908L, 
940376125L, -406322007L, 823577114L, -243337467L, 216642305L, 
-1506075443L, -1025865377L, 1493941952L, 1109564254L, 28145152L, 
-1935240017L, -918993319L, 346052580L, 1926853934L, 2078300386L, 
-756795735L, 2121230471L, 89185972L, 1663612528L, 550940553L, 
-1103499427L, -2074079849L, -948787354L, -1197121018L, -380459279L, 
1297754990L, -472126590L, -279497162L, -1207265587L, 1150471371L, 
1009525352L, -958611486L, -1935127262L, -1511058538L, -992625085L, 
-926392579L, 1909993552L, -782436782L, -1100296130L, -73233047L, 
